# t x1 y1 x2 y2 x3 y3
    0.000000    0.970004   -0.243088   -0.970004    0.243088    0.000000    0.000000
    0.010000    0.974606   -0.238749   -0.965281    0.247396   -0.009325   -0.008647
    0.020000    0.979088   -0.234382   -0.960436    0.251671   -0.018652   -0.017289
    0.030000    0.983452   -0.229989   -0.955465    0.255912   -0.027987   -0.025923
    0.040000    0.987700   -0.225571   -0.950369    0.260116   -0.037331   -0.034545
    0.050000    0.991833   -0.221130   -0.945145    0.264280   -0.046688   -0.043151
    0.060000    0.995853   -0.216667   -0.939791    0.268403   -0.056061   -0.051735
    0.070000    0.999761   -0.212185   -0.934307    0.272481   -0.065454   -0.060295
    0.080000    1.003560   -0.207685   -0.928691    0.276511   -0.074869   -0.068826
    0.090000    1.007250   -0.203168   -0.922941    0.280491   -0.084309   -0.077323
    0.100000    1.010833   -0.198635   -0.917056    0.284417   -0.093778   -0.085783
    0.110000    1.014311   -0.194087   -0.911034    0.288287   -0.103278   -0.094200
    0.120000    1.017686   -0.189527   -0.904874    0.292098   -0.112811   -0.102571
    0.130000    1.020958   -0.184954   -0.898576    0.295845   -0.122382   -0.110891
    0.140000    1.024129   -0.180370   -0.892137    0.299526   -0.131992   -0.119156
    0.150000    1.027201   -0.175776   -0.885557    0.303136   -0.141644   -0.127360
    0.160000    1.030175   -0.171172   -0.878836    0.306672   -0.151340   -0.135499
    0.170000    1.033053   -0.166561   -0.871971    0.310130   -0.161082   -0.143569
    0.180000    1.035835   -0.161941   -0.864962    0.313506   -0.170873   -0.151565
    0.190000    1.038523   -0.157315   -0.857810    0.316797   -0.180714   -0.159482
    0.200000    1.041119   -0.152682   -0.850512    0.319997   -0.190607   -0.167314
    0.210000    1.043623   -0.148044   -0.843070    0.323102   -0.200553   -0.175058
    0.220000    1.046037   -0.143401   -0.835482    0.326108   -0.210555   -0.182707
    0.230000    1.048362   -0.138753   -0.827749    0.329010   -0.220613   -0.190257
    0.240000    1.050599   -0.134102   -0.819871    0.331805   -0.230728   -0.197703
    0.250000    1.052749   -0.129447   -0.811849    0.334486   -0.240900   -0.205039
    0.260000    1.054813   -0.124788   -0.803682    0.337049   -0.251131   -0.212261
    0.270000    1.056793   -0.120127   -0.795372    0.339489   -0.261421   -0.219362
    0.280000    1.058689   -0.115464   -0.786920    0.341802   -0.271769   -0.226338
    0.290000    1.060502   -0.110799   -0.778327    0.343983   -0.282176   -0.233184
    0.300000    1.062234   -0.106132   -0.769594    0.346025   -0.292640   -0.239893
    0.310000    1.063884   -0.101464   -0.760723    0.347925   -0.303161   -0.246461
    0.320000    1.065455   -0.096794   -0.751717    0.349678   -0.313738   -0.252883
    0.330000    1.066946   -0.092124   -0.742577    0.351278   -0.324369   -0.259154
    0.340000    1.068358   -0.087453   -0.733306    0.352720   -0.335053   -0.265267
    0.350000    1.069693   -0.082781   -0.723906    0.354000   -0.345787   -0.271219
    0.360000    1.070950   -0.078108   -0.714381    0.355113   -0.356570   -0.277004
    0.370000    1.072132   -0.073436   -0.704733    0.356054   -0.367398   -0.282618
    0.380000    1.073237   -0.068763   -0.694967    0.356818   -0.378269   -0.288055
    0.390000    1.074267   -0.064090   -0.685087    0.357401   -0.389180   -0.293312
    0.400000    1.075222   -0.059417   -0.675095    0.357800   -0.400127   -0.298383
    0.410000    1.076103   -0.054743   -0.664997    0.358008   -0.411105   -0.303265
    0.420000    1.076910   -0.050070   -0.654798    0.358024   -0.422112   -0.307954
    0.430000    1.077644   -0.045397   -0.644501    0.357842   -0.433143   -0.312445
    0.440000    1.078305   -0.040724   -0.634113    0.357461   -0.444192   -0.316736
    0.450000    1.078893   -0.036051   -0.623637    0.356875   -0.455256   -0.320824
    0.460000    1.079409   -0.031379   -0.613081    0.356084   -0.466328   -0.324705
    0.470000    1.079853   -0.026706   -0.602448    0.355083   -0.477405   -0.328377
    0.480000    1.080225   -0.022034   -0.591746    0.353872   -0.488479   -0.331838
    0.490000    1.080525   -0.017361   -0.580979    0.352447   -0.499546   -0.335085
    0.500000    1.080755   -0.012689   -0.570154    0.350807   -0.510600   -0.338118
    0.510000    1.080912   -0.008017   -0.559277    0.348952   -0.521635   -0.340935
    0.520000    1.080999   -0.003345   -0.548354    0.346880   -0.532645   -0.343535
    0.530000    1.081014    0.001327   -0.537391    0.344591   -0.543623   -0.345918
    0.540000    1.080958    0.005999   -0.526394    0.342085   -0.554565   -0.348084
    0.550000    1.080831    0.010671   -0.515369    0.339361   -0.565462   -0.350033
    0.560000    1.080633    0.015344   -0.504323    0.336422   -0.576311   -0.351765
    0.570000    1.080363    0.020016   -0.493260    0.333267   -0.587103   -0.353282
    0.580000    1.080022    0.024688   -0.482188    0.329898   -0.597834   -0.354586
    0.590000    1.079609    0.029361   -0.471112    0.326317   -0.608497   -0.355677
    0.600000    1.079125    0.034033   -0.460037    0.322526   -0.619088   -0.356559
    0.610000    1.078568    0.038706   -0.448969    0.318527   -0.629599   -0.357233
    0.620000    1.077938    0.043379   -0.437913    0.314323   -0.640025   -0.357702
    0.630000    1.077236    0.048052   -0.426874    0.309918   -0.650362   -0.357970
    0.640000    1.076460    0.052725   -0.415856    0.305314   -0.660604   -0.358039
    0.650000    1.075611    0.057398   -0.404865    0.300515   -0.670747   -0.357913
    0.660000    1.074688    0.062071   -0.393904    0.295525   -0.680785   -0.357596
    0.670000    1.073691    0.066744   -0.382977    0.290348   -0.690714   -0.357092
    0.680000    1.072618    0.071418   -0.372088    0.284988   -0.700530   -0.356406
    0.690000    1.071470    0.076090   -0.361241    0.279450   -0.710229   -0.355541
    0.700000    1.070245    0.080763   -0.350438    0.273739   -0.719807   -0.354502
    0.710000    1.068944    0.085435   -0.339683    0.267858   -0.729261   -0.353293
    0.720000    1.067565    0.090107   -0.328977    0.261814   -0.738588   -0.351920
    0.730000    1.066108    0.094777   -0.318323    0.255611   -0.747786   -0.350388
    0.740000    1.064572    0.099447   -0.307722    0.249253   -0.756850   -0.348701
    0.750000    1.062957    0.104116   -0.297177    0.242748   -0.765780   -0.346864
    0.760000    1.061260    0.108784   -0.286688    0.236098   -0.774572   -0.344882
    0.770000    1.059482    0.113450   -0.276257    0.229311   -0.783226   -0.342761
    0.780000    1.057622    0.118114   -0.265883    0.222391   -0.791739   -0.340504
    0.790000    1.055679    0.122776   -0.255568    0.215343   -0.800110   -0.338118
    0.800000    1.053651    0.127435   -0.245312    0.208172   -0.808339   -0.335607
    0.810000    1.051538    0.132092   -0.235114    0.200885   -0.816424   -0.332977
    0.820000    1.049339    0.136745   -0.224974    0.193486   -0.824364   -0.330231
    0.830000    1.047052    0.141394   -0.214892    0.185980   -0.832160   -0.327375
    0.840000    1.044676    0.146039   -0.204866    0.178373   -0.839810   -0.324413
    0.850000    1.042211    0.150680   -0.194896    0.170670   -0.847316   -0.321350
    0.860000    1.039655    0.155315   -0.184980    0.162875   -0.854676   -0.318190
    0.870000    1.037007    0.159944   -0.175117    0.154994   -0.861891   -0.314938
    0.880000    1.034266    0.164566   -0.165304    0.147032   -0.868962   -0.311599
    0.890000    1.031430    0.169182   -0.155542    0.138994   -0.875888   -0.308175
    0.900000    1.028498    0.173789   -0.145826    0.130884   -0.882672   -0.304672
    0.910000    1.025468    0.178387   -0.136155    0.122707   -0.889313   -0.301094
    0.920000    1.022340    0.182975   -0.126528    0.114468   -0.895812   -0.297443
    0.930000    1.019111    0.187553   -0.116940    0.106171   -0.902171   -0.293724
    0.940000    1.015781    0.192119   -0.107391    0.097822   -0.908390   -0.289941
    0.950000    1.012348    0.196672   -0.097877    0.089424   -0.914472   -0.286096
    0.960000    1.008811    0.201212   -0.088395    0.080982   -0.920416   -0.282193
    0.970000    1.005167    0.205736   -0.078943    0.072500   -0.926224   -0.278236
    0.980000    1.001415    0.210244   -0.069517    0.063983   -0.931898   -0.274227
    0.990000    0.997554    0.214734   -0.060115    0.055436   -0.937439   -0.270170
    1.000000    0.993583    0.219205   -0.050734    0.046861   -0.942849   -0.266066
    1.010000    0.989499    0.223655   -0.041371    0.038264   -0.948128   -0.261920
    1.020000    0.985301    0.228084   -0.032021    0.029649   -0.953280   -0.257732
    1.030000    0.980987    0.232488   -0.022683    0.021020   -0.958304   -0.253507
    1.040000    0.976556    0.236866   -0.013353    0.012380   -0.963204   -0.249246
    1.050000    0.972007    0.241217   -0.004027    0.003735   -0.967979   -0.244952
    1.060000    0.967336    0.245539    0.005297   -0.004912   -0.972633   -0.240626
    1.070000    0.962544    0.249829    0.014623   -0.013557   -0.977167   -0.236272
    1.080000    0.957627    0.254085    0.023954   -0.022196   -0.981582   -0.231889
    1.090000    0.952586    0.258305    0.033294   -0.030823   -0.985879   -0.227482
    1.100000    0.947417    0.262487    0.042645   -0.039436   -0.990062   -0.223050
    1.110000    0.942120    0.266628    0.052011   -0.048031   -0.994130   -0.218597
    1.120000    0.936692    0.270725    0.061395   -0.056602   -0.998087   -0.214123
    1.130000    0.931133    0.274776    0.070800   -0.065145   -1.001933   -0.209631
    1.140000    0.925441    0.278778    0.080229   -0.073658   -1.005669   -0.205121
    1.150000    0.919614    0.282728    0.089685   -0.082134   -1.009299   -0.200594
    1.160000    0.913651    0.286623    0.099171   -0.090570   -1.012822   -0.196053
    1.170000    0.907552    0.290460    0.108689   -0.098962   -1.016241   -0.191498
    1.180000    0.901313    0.294235    0.118244   -0.107304   -1.019557   -0.186930
    1.190000    0.894935    0.297944    0.127837   -0.115593   -1.022772   -0.182351
    1.200000    0.888417    0.301585    0.137470   -0.123824   -1.025887   -0.177761
    1.210000    0.881756    0.305154    0.147146   -0.131992   -1.028903   -0.173162
    1.220000    0.874953    0.308646    0.156868   -0.140093   -1.031822   -0.168553
    1.230000    0.868007    0.312059    0.166638   -0.148121   -1.034645   -0.163937
    1.240000    0.860917    0.315386    0.176457   -0.156073   -1.037374   -0.159314
    1.250000    0.853682    0.318626    0.186327   -0.163942   -1.040009   -0.154684
    1.260000    0.846302    0.321773    0.196251   -0.171725   -1.042552   -0.150048
    1.270000    0.838777    0.324822    0.206228   -0.179415   -1.045005   -0.145407
    1.280000    0.831107    0.327770    0.216262   -0.187009   -1.047368   -0.140761
    1.290000    0.823291    0.330611    0.226352   -0.194500   -1.049643   -0.136111
    1.300000    0.815331    0.333342    0.236500   -0.201884   -1.051831   -0.131457
    1.310000    0.807227    0.335957    0.246705   -0.209156   -1.053932   -0.126801
    1.320000    0.798979    0.338451    0.256970   -0.216310   -1.055948   -0.122141
    1.330000    0.790588    0.340819    0.267293   -0.223341   -1.057880   -0.117479
    1.340000    0.782055    0.343058    0.277674   -0.230243   -1.059729   -0.112814
    1.350000    0.773383    0.345160    0.288113   -0.237012   -1.061496   -0.108148
    1.360000    0.764571    0.347123    0.298610   -0.243642   -1.063181   -0.103480
    1.370000    0.755623    0.348939    0.309163   -0.250128   -1.064786   -0.098811
    1.380000    0.746541    0.350606    0.319771   -0.256465   -1.066311   -0.094141
    1.390000    0.737326    0.352117    0.330432   -0.262647   -1.067758   -0.089470
    1.400000    0.727981    0.353468    0.341145   -0.268669   -1.069126   -0.084799
    1.410000    0.718510    0.354653    0.351907   -0.274527   -1.070417   -0.080126
    1.420000    0.708915    0.355669    0.362716   -0.280215   -1.071631   -0.075454
    1.430000    0.699199    0.356510    0.373569   -0.285729   -1.072769   -0.070781
    1.440000    0.689368    0.357172    0.384463   -0.291064   -1.073831   -0.066108
    1.450000    0.679424    0.357651    0.395395   -0.296216   -1.074818   -0.061435
    1.460000    0.669371    0.357942    0.406360   -0.301180   -1.075731   -0.056762
    1.470000    0.659215    0.358041    0.417355   -0.305952   -1.076570   -0.052089
    1.480000    0.648960    0.357945    0.428376   -0.310530   -1.077336   -0.047415
    1.490000    0.638610    0.357650    0.439418   -0.314908   -1.078028   -0.042742
    1.500000    0.628172    0.357153    0.450476   -0.319084   -1.078648   -0.038070
    1.510000    0.617650    0.356451    0.461545   -0.323054   -1.079195   -0.033397
    1.520000    0.607049    0.355541    0.472621   -0.326817   -1.079670   -0.028724
    1.530000    0.596376    0.354421    0.483697   -0.330369   -1.080073   -0.024052
    1.540000    0.585637    0.353088    0.494768   -0.333709   -1.080404   -0.019379
    1.550000    0.574836    0.351542    0.505828   -0.336835   -1.080664   -0.014707
    1.560000    0.563981    0.349780    0.516872   -0.339745   -1.080853   -0.010035
    1.570000    0.553077    0.347802    0.527893   -0.342439   -1.080970   -0.005363
    1.580000    0.542130    0.345606    0.538886   -0.344916   -1.081016   -0.000691
    1.590000    0.531147    0.343194    0.549844   -0.347175   -1.080991    0.003981
    1.600000    0.520134    0.340564    0.560761   -0.349218   -1.080895    0.008653
    1.610000    0.509096    0.337718    0.571632   -0.351043   -1.080727    0.013326
    1.620000    0.498040    0.334656    0.582449   -0.352653   -1.080489    0.017998
    1.630000    0.486971    0.331379    0.593207   -0.354049   -1.080178    0.022670
    1.640000    0.475896    0.327889    0.603901   -0.355232   -1.079797    0.027343
    1.650000    0.464820    0.324189    0.614523   -0.356204   -1.079343    0.032015
    1.660000    0.453748    0.320279    0.625069   -0.356967   -1.078817    0.036688
    1.670000    0.442686    0.316164    0.635533   -0.357525   -1.078219    0.041361
    1.680000    0.431639    0.311845    0.645909   -0.357879   -1.077548    0.046034
    1.690000    0.420611    0.307326    0.656193   -0.358033   -1.076804    0.050707
    1.700000    0.409608    0.302611    0.666379   -0.357991   -1.075987    0.055380
    1.710000    0.398634    0.297703    0.676462   -0.357756   -1.075096    0.060053
    1.720000    0.387692    0.292607    0.686439   -0.357333   -1.074131    0.064726
    1.730000    0.376786    0.287325    0.696304   -0.356725   -1.073091    0.069399
    1.740000    0.365921    0.281864    0.706054   -0.355936   -1.071975    0.074072
    1.750000    0.355099    0.276227    0.715685   -0.354971   -1.070784    0.078745
    1.760000    0.344322    0.270418    0.725193   -0.353836   -1.069516    0.083417
    1.770000    0.333595    0.264444    0.734576   -0.352533   -1.068170    0.088089
    1.780000    0.322918    0.258309    0.743829   -0.351069   -1.066747    0.092760
    1.790000    0.312294    0.252018    0.752952   -0.349448   -1.065246    0.097431
    1.800000    0.301725    0.245575    0.761940   -0.347675   -1.063664    0.102100
    1.810000    0.291211    0.238987    0.770792   -0.345755   -1.062003    0.106768
    1.820000    0.280755    0.232259    0.779505   -0.343694   -1.060260    0.111435
    1.830000    0.270356    0.225395    0.788079   -0.341495   -1.058436    0.116100
    1.840000    0.260016    0.218402    0.796512   -0.339164   -1.056528    0.120762
    1.850000    0.249735    0.211284    0.804803   -0.336707   -1.054537    0.125423
    1.860000    0.239511    0.204047    0.812950   -0.334127   -1.052461    0.130081
    1.870000    0.229347    0.196695    0.820953   -0.331431   -1.050299    0.134735
    1.880000    0.219239    0.189235    0.828811   -0.328621   -1.048050    0.139387
    1.890000    0.209189    0.181671    0.836524   -0.325705   -1.045713    0.144034
    1.900000    0.199195    0.174008    0.844092   -0.322685   -1.043287    0.148676
    1.910000    0.189256    0.166253    0.851515   -0.319566   -1.040771    0.153314
    1.920000    0.179370    0.158408    0.858792   -0.316354   -1.038162    0.157945
    1.930000    0.169536    0.150481    0.865925   -0.313052   -1.035461    0.162571
    1.940000    0.159752    0.142475    0.872914   -0.309664   -1.032666    0.167189
    1.950000    0.150016    0.134395    0.879759   -0.306195   -1.029776    0.171800
    1.960000    0.140327    0.126246    0.886462   -0.302648   -1.026789    0.176402
    1.970000    0.130681    0.118033    0.893022   -0.299028   -1.023703    0.180995
    1.980000    0.121076    0.109761    0.899442   -0.295338   -1.020518    0.185577
    1.990000    0.111511    0.101434    0.905721   -0.291582   -1.017232    0.190149
    2.000000    0.101982    0.093056    0.911862   -0.287764   -1.013844    0.194707
    2.010000    0.092486    0.084633    0.917865   -0.283886   -1.010351    0.199253
    2.020000    0.083022    0.076168    0.923732   -0.279952   -1.006754    0.203784
    2.030000    0.073585    0.067666    0.929464   -0.275965   -1.003049    0.208299
    2.040000    0.064173    0.059131    0.935062   -0.271928   -0.999235    0.212797
    2.050000    0.054784    0.050568    0.940528   -0.267844   -0.995312    0.217276
    2.060000    0.045413    0.041980    0.945864   -0.263716   -0.991277    0.221736
    2.070000    0.036058    0.033372    0.951070   -0.259546   -0.987128    0.226174
    2.080000    0.026715    0.024748    0.956150   -0.255337   -0.982865    0.230589
    2.090000    0.017382    0.016112    0.961103   -0.251091   -0.978485    0.234979
    2.100000    0.008054    0.007469    0.965932   -0.246811   -0.973986    0.239342
    2.110000   -0.001270   -0.001178    0.970638   -0.242498   -0.969368    0.243676
    2.120000   -0.010595   -0.009824    0.975223   -0.238156   -0.964629    0.247980
    2.130000   -0.019923   -0.018466    0.979689   -0.233785   -0.959766    0.252251
    2.140000   -0.029259   -0.027099    0.984038   -0.229388   -0.954779    0.256487
    2.150000   -0.038605   -0.035718    0.988270   -0.224967   -0.949665    0.260686
    2.160000   -0.047964   -0.044321    0.992387   -0.220523   -0.944423    0.264844
    2.170000   -0.057339   -0.052903    0.996392   -0.216058   -0.939052    0.268961
    2.180000   -0.066735   -0.061459    1.000285   -0.211573   -0.933550    0.273032
    2.190000   -0.076153   -0.069985    1.004069   -0.207071   -0.927916    0.277056
    2.200000   -0.085597   -0.078478    1.007744   -0.202551   -0.922147    0.281029
    2.210000   -0.095070   -0.086932    1.011313   -0.198016   -0.916243    0.284948
    2.220000   -0.104574   -0.095343    1.014777   -0.193467   -0.910203    0.288810
    2.230000   -0.114113   -0.103707    1.018137   -0.188905   -0.904025    0.292612
    2.240000   -0.123689   -0.112020    1.021396   -0.184330   -0.897707    0.296350
    2.250000   -0.133304   -0.120277    1.024553   -0.179745   -0.891249    0.300021
    2.260000   -0.142962   -0.128472    1.027612   -0.175149   -0.884650    0.303622
    2.270000   -0.152664   -0.136603    1.030573   -0.170545   -0.877909    0.307148
    2.280000   -0.162413   -0.144663    1.033437   -0.165932   -0.871025    0.310595
    2.290000   -0.172210   -0.152648    1.036206   -0.161312   -0.863997    0.313960
    2.300000   -0.182058   -0.160554    1.038882   -0.156684   -0.856824    0.317238
    2.310000   -0.191958   -0.168374    1.041465   -0.152051   -0.849507    0.320425
    2.320000   -0.201912   -0.176105    1.043957   -0.147412   -0.842045    0.323517
    2.330000   -0.211921   -0.183741    1.046359   -0.142768   -0.834437    0.326509
    2.340000   -0.221987   -0.191277    1.048672   -0.138120   -0.826685    0.329397
    2.350000   -0.232110   -0.198709    1.050897   -0.133468   -0.818787    0.332177
    2.360000   -0.242290   -0.206030    1.053035   -0.128812   -0.810745    0.334842
    2.370000   -0.252529   -0.213235    1.055088   -0.124154   -0.802559    0.337389
    2.380000   -0.262827   -0.220320    1.057056   -0.119493   -0.794229    0.339812
    2.390000   -0.273183   -0.227278    1.058941   -0.114829   -0.785758    0.342107
    2.400000   -0.283598   -0.234105    1.060743   -0.110164   -0.777146    0.344269
    2.410000   -0.294070   -0.240796    1.062463   -0.105497   -0.768394    0.346293
    2.420000   -0.304598   -0.247345    1.064103   -0.100828   -0.759505    0.348173
    2.430000   -0.315183   -0.253746    1.065662   -0.096158   -0.750480    0.349905
    2.440000   -0.325821   -0.259996    1.067143   -0.091488   -0.741322    0.351484
    2.450000   -0.336512   -0.266088    1.068545   -0.086816   -0.732033    0.352904
    2.460000   -0.347253   -0.272017    1.069869   -0.082144   -0.722616    0.354162
    2.470000   -0.358042   -0.277779    1.071116   -0.077472   -0.713074    0.355251
    2.480000   -0.368877   -0.283369    1.072286   -0.072799   -0.703410    0.356168
    2.490000   -0.379753   -0.288782    1.073381   -0.068126   -0.693628    0.356908
    2.500000   -0.390669   -0.294013    1.074401   -0.063453   -0.683732    0.357467
    2.510000   -0.401620   -0.299059    1.075346   -0.058780   -0.673726    0.357839
    2.520000   -0.412603   -0.303915    1.076217   -0.054107   -0.663614    0.358022
    2.530000   -0.423613   -0.308577    1.077014   -0.049434   -0.653401    0.358011
    2.540000   -0.434646   -0.313041    1.077738   -0.044761   -0.643092    0.357802
    2.550000   -0.445698   -0.317305    1.078389   -0.040088   -0.632691    0.357393
    2.560000   -0.456763   -0.321365    1.078967   -0.035415   -0.622204    0.356780
    2.570000   -0.467837   -0.325217    1.079474   -0.030742   -0.611637    0.355960
    2.580000   -0.478913   -0.328861    1.079908   -0.026070   -0.600994    0.354931
    2.590000   -0.489987   -0.332293    1.080270   -0.021397   -0.590283    0.353690
    2.600000   -0.501053   -0.335511    1.080561   -0.016725   -0.579508    0.352236
    2.610000   -0.512105   -0.338514    1.080780   -0.012053   -0.568676    0.350567
    2.620000   -0.523136   -0.341302    1.080928   -0.007381   -0.557792    0.348683
    2.630000   -0.534142   -0.343872    1.081005   -0.002709   -0.546863    0.346581
    2.640000   -0.545116   -0.346226    1.081011    0.001963   -0.535895    0.344262
    2.650000   -0.556052   -0.348362    1.080945    0.006636   -0.524894    0.341726
    2.660000   -0.566943   -0.350281    1.080809    0.011308   -0.513866    0.338974
    2.670000   -0.577784   -0.351984    1.080601    0.015980   -0.502817    0.336005
    2.680000   -0.588568   -0.353472    1.080321    0.020652   -0.491753    0.332820
    2.690000   -0.599291   -0.354747    1.079970    0.025325   -0.480680    0.329422
    2.700000   -0.609944   -0.355810    1.079548    0.029997   -0.469603    0.325813
    2.710000   -0.620524   -0.356663    1.079053    0.034670   -0.458529    0.321993
    2.720000   -0.631024   -0.357309    1.078486    0.039342   -0.447462    0.317966
    2.730000   -0.641439   -0.357750    1.077847    0.044015   -0.436408    0.313735
    2.740000   -0.651763   -0.357991    1.077135    0.048688   -0.425371    0.309302
    2.750000   -0.661992   -0.358033    1.076349    0.053361   -0.414357    0.304672
    2.760000   -0.672120   -0.357881    1.075490    0.058035   -0.403370    0.299846
    2.770000   -0.682144   -0.357539    1.074557    0.062708   -0.392413    0.294831
    2.780000   -0.692057   -0.357010    1.073549    0.067381   -0.381492    0.289629
    2.790000   -0.701858   -0.356298    1.072466    0.072054   -0.370609    0.284244
    2.800000   -0.711540   -0.355409    1.071308    0.076727   -0.359767    0.278682
    2.810000   -0.721102   -0.354347    1.070073    0.081399   -0.348971    0.272948
    2.820000   -0.730539   -0.353116    1.068761    0.086071   -0.338222    0.267044
    2.830000   -0.739849   -0.351721    1.067372    0.090743   -0.327523    0.260978
    2.840000   -0.749028   -0.350167    1.065904    0.095413   -0.316876    0.254754
    2.850000   -0.758074   -0.348459    1.064357    0.100083   -0.306283    0.248376
    2.860000   -0.766985   -0.346602    1.062730    0.104752   -0.295745    0.241850
    2.870000   -0.775759   -0.344601    1.061023    0.109419   -0.285264    0.235182
    2.880000   -0.784394   -0.342461    1.059234    0.114085   -0.274840    0.228376
    2.890000   -0.792888   -0.340187    1.057362    0.118749   -0.264475    0.221438
    2.900000   -0.801240   -0.337784    1.055408    0.123410   -0.254168    0.214373
    2.910000   -0.809449   -0.335256    1.053368    0.128069   -0.243920    0.207187
    2.920000   -0.817514   -0.332609    1.051243    0.132725   -0.233730    0.199884
    2.930000   -0.825435   -0.329848    1.049032    0.137378   -0.223598    0.192470
    2.940000   -0.833210   -0.326977    1.046733    0.142027   -0.213523    0.184950
    2.950000   -0.840841   -0.324001    1.044346    0.146672   -0.203505    0.177330
    2.960000   -0.848327   -0.320925    1.041869    0.151311   -0.193542    0.169613
    2.970000   -0.855667   -0.317752    1.039300    0.155946   -0.183633    0.161807
    2.980000   -0.862862   -0.314488    1.036639    0.160574   -0.173777    0.153915
    2.990000   -0.869913   -0.311137    1.033885    0.165195   -0.163972    0.145942
    3.000000   -0.876821   -0.307703    1.031036    0.169810   -0.154215    0.137893
    3.010000   -0.883585   -0.304189    1.028091    0.174416   -0.144506    0.129774
    3.020000   -0.890206   -0.300600    1.025048    0.179012   -0.134842    0.121588
    3.030000   -0.896687   -0.296940    1.021906    0.183599   -0.125220    0.113341
    3.040000   -0.903026   -0.293212    1.018664    0.188176   -0.115638    0.105037
    3.050000   -0.909227   -0.289420    1.015320    0.192740   -0.106093    0.096681
    3.060000   -0.915289   -0.285568    1.011873    0.197291   -0.096583    0.088276
    3.070000   -0.921215   -0.281657    1.008321    0.201829   -0.087106    0.079829
    3.080000   -0.927005   -0.277693    1.004662    0.206351   -0.077657    0.071342
    3.090000   -0.932660   -0.273677    1.000896    0.210856   -0.068235    0.062821
    3.100000   -0.938184   -0.269613    0.997020    0.215344   -0.058837    0.054269
    3.110000   -0.943575   -0.265504    0.993033    0.219812   -0.049458    0.045692
    3.120000   -0.948838   -0.261352    0.988934    0.224260   -0.040096    0.037092
    3.130000   -0.953972   -0.257159    0.984720    0.228685   -0.030749    0.028474
    3.140000   -0.958979   -0.252929    0.980391    0.233086   -0.021412    0.019843
    3.150000   -0.963861   -0.248663    0.975944    0.237461   -0.012082    0.011203
    3.160000   -0.968621   -0.244365    0.971378    0.241808   -0.002757    0.002557
    3.170000   -0.973258   -0.240035    0.966691    0.246125    0.006567   -0.006090
    3.180000   -0.977775   -0.235676    0.961881    0.250410    0.015894   -0.014734
    3.190000   -0.982174   -0.231290    0.956948    0.254662    0.025226   -0.023371
    3.200000   -0.986456   -0.226879    0.951889    0.258877    0.034567   -0.031997
    3.210000   -0.990623   -0.222445    0.946703    0.263053    0.043920   -0.040608
    3.220000   -0.994676   -0.217989    0.941388    0.267188    0.053288   -0.049199
    3.230000   -0.998617   -0.213513    0.935943    0.271280    0.062674   -0.057767
    3.240000   -1.002448   -0.209017    0.930366    0.275324    0.072082   -0.066307
    3.250000   -1.006170   -0.204505    0.924655    0.279319    0.081515   -0.074814
    3.260000   -1.009785   -0.199976    0.918810    0.283262    0.090975   -0.083286
    3.270000   -1.013294   -0.195433    0.912829    0.287149    0.100465   -0.091716
    3.280000   -1.016699   -0.190876    0.906710    0.290977    0.109989   -0.100101
    3.290000   -1.020001   -0.186307    0.900453    0.294744    0.119548   -0.108437
    3.300000   -1.023202   -0.181726    0.894056    0.298444    0.129146   -0.116718
    3.310000   -1.026303   -0.177135    0.887518    0.302076    0.138785   -0.124940
    3.320000   -1.029306   -0.172535    0.880838    0.305634    0.148468   -0.133100
    3.330000   -1.032212   -0.167925    0.874016    0.309116    0.158196   -0.141191
    3.340000   -1.035022   -0.163308    0.867050    0.312517    0.167972   -0.149209
    3.350000   -1.037738   -0.158684    0.859940    0.315833    0.177798   -0.157149
    3.360000   -1.040361   -0.154053    0.852685    0.319060    0.187676   -0.165007
    3.370000   -1.042892   -0.149416    0.845285    0.322194    0.197606   -0.172778
    3.380000   -1.045332   -0.144774    0.837741    0.325230    0.207592   -0.180455
    3.390000   -1.047683   -0.140128    0.830051    0.328163    0.217633   -0.188035
    3.400000   -1.049946   -0.135477    0.822216    0.330990    0.227731   -0.195512
    3.410000   -1.052122   -0.130823    0.814236    0.333705    0.237886   -0.202882
    3.420000   -1.054212   -0.126166    0.806112    0.336303    0.248100   -0.210138
    3.430000   -1.056217   -0.121506    0.797844    0.338781    0.258372   -0.217275
    3.440000   -1.058137   -0.116843    0.789434    0.341132    0.268703   -0.224289
    3.450000   -1.059975   -0.112179    0.780882    0.343352    0.279093   -0.231173
    3.460000   -1.061730   -0.107512    0.772191    0.345436    0.289540   -0.237924
    3.470000   -1.063405   -0.102844    0.763361    0.347379    0.300044   -0.244534
    3.480000   -1.064999   -0.098175    0.754394    0.349175    0.310604   -0.251000
    3.490000   -1.066513   -0.093505    0.745293    0.350821    0.321220   -0.257316
    3.500000   -1.067949   -0.088834    0.736060    0.352310    0.331888   -0.263476
    3.510000   -1.069306   -0.084162    0.726698    0.353639    0.342608   -0.269477
    3.520000   -1.070587   -0.079490    0.717210    0.354802    0.353377   -0.275312
    3.530000   -1.071790   -0.074817    0.707598    0.355794    0.364192   -0.280976
    3.540000   -1.072918   -0.070144    0.697867    0.356611    0.375051   -0.286466
    3.550000   -1.073970   -0.065471    0.688020    0.357248    0.385950   -0.291777
    3.560000   -1.074947   -0.060798    0.678061    0.357701    0.396886   -0.296903
    3.570000   -1.075850   -0.056125    0.667994    0.357966    0.407856   -0.301841
    3.580000   -1.076679   -0.051452    0.657824    0.358040    0.418855   -0.306588
    3.590000   -1.077434   -0.046779    0.647556    0.357917    0.429879   -0.311138
    3.600000   -1.078117   -0.042106    0.637194    0.357595    0.440923   -0.315489
    3.610000   -1.078727   -0.037433    0.626744    0.357070    0.451983   -0.319637
    3.620000   -1.079264   -0.032760    0.616210    0.356339    0.463053   -0.323579
    3.630000   -1.079729   -0.028088    0.605600    0.355401    0.474129   -0.327313
    3.640000   -1.080122   -0.023415    0.594917    0.354252    0.485205   -0.330837
    3.650000   -1.080444   -0.018743    0.584169    0.352890    0.496275   -0.334147
    3.660000   -1.080694   -0.014071    0.573361    0.351315    0.507333   -0.337244
    3.670000   -1.080873   -0.009399    0.562498    0.349523    0.518375   -0.340125
    3.680000   -1.080981   -0.004726    0.551588    0.347515    0.529392   -0.342789
    3.690000   -1.081017   -0.000054    0.540636    0.345290    0.540381   -0.345236
    3.700000   -1.080982    0.004618    0.529649    0.342848    0.551334   -0.347466
    3.710000   -1.080876    0.009290    0.518631    0.340189    0.562245   -0.349479
    3.720000   -1.080699    0.013962    0.507591    0.337313    0.573108   -0.351275
    3.730000   -1.080451    0.018634    0.496533    0.334222    0.583918   -0.352856
    3.740000   -1.080131    0.023307    0.485463    0.330916    0.594668   -0.354223
    3.750000   -1.079739    0.027979    0.474387    0.327398    0.605352   -0.355377
    3.760000   -1.079275    0.032652    0.463311    0.323668    0.615964   -0.356320
    3.770000   -1.078740    0.037324    0.452241    0.319731    0.626499   -0.357055
    3.780000   -1.078132    0.041997    0.441180    0.315587    0.636951   -0.357585
    3.790000   -1.077451    0.046670    0.430136    0.311241    0.647315   -0.357912
    3.800000   -1.076697    0.051343    0.419111    0.306696    0.657586   -0.358039
    3.810000   -1.075870    0.056016    0.408112    0.301954    0.667758   -0.357970
    3.820000   -1.074969    0.060690    0.397141    0.297020    0.677828   -0.357710
    3.830000   -1.073994    0.065363    0.386204    0.291898    0.687789   -0.357261
    3.840000   -1.072943    0.070036    0.375304    0.286592    0.697639   -0.356628
    3.850000   -1.071817    0.074709    0.364444    0.281106    0.707373   -0.355815
    3.860000   -1.070615    0.079381    0.353628    0.275445    0.716987   -0.354827
    3.870000   -1.069337    0.084054    0.342858    0.269614    0.726479   -0.353668
    3.880000   -1.067981    0.088725    0.332137    0.263618    0.735844   -0.352343
    3.890000   -1.066547    0.093396    0.321468    0.257461    0.745080   -0.350857
    3.900000   -1.065035    0.098067    0.310851    0.251149    0.754184   -0.349215
    3.910000   -1.063443    0.102736    0.300289    0.244686    0.763153   -0.347422
    3.920000   -1.061770    0.107404    0.289784    0.238079    0.771987   -0.345483
    3.930000   -1.060017    0.112070    0.279335    0.231332    0.780681   -0.343402
    3.940000   -1.058181    0.116735    0.268945    0.224450    0.789236   -0.341185
    3.950000   -1.056262    0.121397    0.258612    0.217440    0.797650   -0.338837
    3.960000   -1.054259    0.126058    0.248339    0.210305    0.805921   -0.336363
    3.970000   -1.052172    0.130715    0.238123    0.203052    0.814048   -0.333767
    3.980000   -1.049998    0.135369    0.227967    0.195685    0.822031   -0.331054
    3.990000   -1.047737    0.140020    0.217867    0.188211    0.829870   -0.328230
    4.000000   -1.045388    0.144666    0.207825    0.180633    0.837563   -0.325299
    4.010000   -1.042950    0.149308    0.197838    0.172957    0.845111   -0.322266
    4.020000   -1.040421    0.153945    0.187906    0.165189    0.852514   -0.319134
    4.030000   -1.037800    0.158576    0.178028    0.157333    0.859772   -0.315909
    4.040000   -1.035086    0.163200    0.168201    0.149395    0.866886   -0.312595
    4.050000   -1.032278    0.167818    0.158423    0.141378    0.873855   -0.309196
    4.060000   -1.029375    0.172427    0.148694    0.133289    0.880681   -0.305716
    4.070000   -1.026374    0.177028    0.139010    0.125131    0.887364   -0.302160
    4.080000   -1.023275    0.181620    0.129370    0.116910    0.893905   -0.298530
    4.090000   -1.020077    0.186201    0.119771    0.108630    0.900305   -0.294831
    4.100000   -1.016777    0.190770    0.110211    0.100296    0.906566   -0.291066
    4.110000   -1.013374    0.195327    0.100686    0.091912    0.912688   -0.287239
    4.120000   -1.009868    0.199871    0.091195    0.083482    0.918672   -0.283353
    4.130000   -1.006255    0.204400    0.081735    0.075012    0.924520   -0.279412
    4.140000   -1.002536    0.208913    0.072302    0.066505    0.930234   -0.275418
    4.150000   -0.998708    0.213408    0.062893    0.057966    0.935814   -0.271374
    4.160000   -0.994769    0.217885    0.053506    0.049399    0.941263   -0.267284
    4.170000   -0.990718    0.222342    0.044138    0.040808    0.946581   -0.263150
    4.180000   -0.986554    0.226777    0.034784    0.032198    0.951770   -0.258975
    4.190000   -0.982275    0.231188    0.025443    0.023572    0.956832   -0.254761
    4.200000   -0.977879    0.235574    0.016111    0.014935    0.961768   -0.250510
    4.210000   -0.973364    0.239934    0.006784    0.006291    0.966580   -0.246225
    4.220000   -0.968730    0.244264   -0.002540   -0.002356    0.971270   -0.241909
    4.230000   -0.963974    0.248564   -0.011865   -0.011002    0.975839   -0.237562
    4.240000   -0.959094    0.252830   -0.021194   -0.019642    0.980289   -0.233188
    4.250000   -0.954090    0.257061   -0.030531   -0.028274    0.984621   -0.228788
    4.260000   -0.948959    0.261255   -0.039879   -0.036891    0.988837   -0.224363
    4.270000   -0.943699    0.265408   -0.049240   -0.045492    0.992939   -0.219916
    4.280000   -0.938311    0.269518   -0.058618   -0.054070    0.996928   -0.215448
    4.290000   -0.932791    0.273583   -0.068016   -0.062622    1.000807   -0.210961
    4.300000   -0.927138    0.277600   -0.077438   -0.071144    1.004576   -0.206456
    4.310000   -0.921351    0.281566   -0.086886   -0.079632    1.008237   -0.201934
    4.320000   -0.915429    0.285477   -0.096362   -0.088080    1.011791   -0.197397
    4.330000   -0.909370    0.289332   -0.105871   -0.096485    1.015241   -0.192846
    4.340000   -0.903172    0.293125   -0.115415   -0.104843    1.018587   -0.188282
    4.350000   -0.896836    0.296854   -0.124996   -0.113148    1.021832   -0.183706
    4.360000   -0.890359    0.300516   -0.134617   -0.121397    1.024976   -0.179119
    4.370000   -0.883741    0.304107   -0.144281   -0.129584    1.028021   -0.174523
    4.380000   -0.876980    0.307622   -0.153989   -0.137705    1.030969   -0.169917
    4.390000   -0.870076    0.311058   -0.163744   -0.145755    1.033820   -0.165303
    4.400000   -0.863028    0.314411   -0.173548   -0.153730    1.036576   -0.160682
    4.410000   -0.855836    0.317678   -0.183403   -0.161624    1.039239   -0.156054
    4.420000   -0.848499    0.320852   -0.193311   -0.169433    1.041810   -0.151419
    4.430000   -0.841017    0.323931   -0.203272   -0.177151    1.044289   -0.146780
    4.440000   -0.833390    0.326909   -0.213289   -0.184774    1.046679   -0.142135
    4.450000   -0.825617    0.329783   -0.223362   -0.192296    1.048980   -0.137487
    4.460000   -0.817700    0.332546   -0.233493   -0.199712    1.051193   -0.132834
    4.470000   -0.809638    0.335196   -0.243682   -0.207018    1.053320   -0.128178
    4.480000   -0.801432    0.337726   -0.253929   -0.214207    1.055361   -0.123519
    4.490000   -0.793084    0.340132   -0.264234   -0.221275    1.057318   -0.118857
    4.500000   -0.784593    0.342410   -0.274598   -0.228216    1.059191   -0.114194
    4.510000   -0.775962    0.344553   -0.285021   -0.235025    1.060982   -0.109528
    4.520000   -0.767191    0.346557   -0.295500   -0.241697    1.062691   -0.104861
    4.530000   -0.758283    0.348418   -0.306037   -0.248226    1.064320   -0.100192
    4.540000   -0.749240    0.350129   -0.316628   -0.254607    1.065869   -0.095522
    4.550000   -0.740064    0.351687   -0.327274   -0.260835    1.067338   -0.090852
    4.560000   -0.730758    0.353085   -0.337972   -0.266905    1.068729   -0.086180
    4.570000   -0.721323    0.354320   -0.348720   -0.272812    1.070043   -0.081508
    4.580000   -0.711765    0.355386   -0.359515   -0.278551    1.071280   -0.076836
    4.590000   -0.702085    0.356280   -0.370356   -0.284117    1.072440   -0.072163
    4.600000   -0.692287    0.356995   -0.381238   -0.289505    1.073525   -0.067490
    4.610000   -0.682376    0.357528   -0.392159   -0.294712    1.074534   -0.062817
    4.620000   -0.672355    0.357875   -0.403114   -0.299732    1.075469   -0.058144
    4.630000   -0.662229    0.358032   -0.414101   -0.304561    1.076330   -0.053470
    4.640000   -0.652002    0.357994   -0.425115   -0.309197    1.077117   -0.048797
    4.650000   -0.641680    0.357758   -0.436151   -0.313634    1.077831   -0.044124
    4.660000   -0.631268    0.357322   -0.447205   -0.317870    1.078472   -0.039451
    4.670000   -0.620769    0.356680   -0.458271   -0.321902    1.079041   -0.034779
    4.680000   -0.610192    0.355832   -0.469345   -0.325726    1.079537   -0.030106
    4.690000   -0.599540    0.354774   -0.480422   -0.329341    1.079961   -0.025433
    4.700000   -0.588819    0.353505   -0.491495   -0.332744    1.080314   -0.020761
    4.710000   -0.578036    0.352022   -0.502559   -0.335933    1.080595   -0.016089
    4.720000   -0.567196    0.350323   -0.513608   -0.338907    1.080805   -0.011417
    4.730000   -0.556306    0.348409   -0.524637   -0.341665    1.080943   -0.006744
    4.740000   -0.545371    0.346278   -0.535639   -0.344206    1.081010   -0.002072
    4.750000   -0.534398    0.343930   -0.546608   -0.346530    1.081006    0.002600
    4.760000   -0.523393    0.341364   -0.557538   -0.348636    1.080931    0.007272
    4.770000   -0.512362    0.338582   -0.568423   -0.350526    1.080784    0.011944
    4.780000   -0.501310    0.335583   -0.579256   -0.352200    1.080567    0.016616
    4.790000   -0.490245    0.332370   -0.590033   -0.353659    1.080278    0.021289
    4.800000   -0.479171    0.328943   -0.600746   -0.354904    1.079917    0.025961
    4.810000   -0.468095    0.325305   -0.611390   -0.355938    1.079484    0.030634
    4.820000   -0.457021    0.321457   -0.621959   -0.356763    1.078980    0.035306
    4.830000   -0.445956    0.317402   -0.632448   -0.357381    1.078403    0.039979
    4.840000   -0.434904    0.313143   -0.642850   -0.357795    1.077754    0.044652
    4.850000   -0.423870    0.308683   -0.653162   -0.358008    1.077032    0.049325
    4.860000   -0.412859    0.304026   -0.663377   -0.358024    1.076236    0.053998
    4.870000   -0.401876    0.299174   -0.673492   -0.357846    1.075367    0.058671
    4.880000   -0.390924    0.294133   -0.683500   -0.357477    1.074424    0.063344
    4.890000   -0.380007    0.288906   -0.693399   -0.356923    1.073406    0.068017
    4.900000   -0.369129    0.283497   -0.703183   -0.356188    1.072313    0.072690
    4.910000   -0.358294    0.277911   -0.712850   -0.355275    1.071144    0.077363
    4.920000   -0.347504    0.272153   -0.722395   -0.354189    1.069899    0.082036
    4.930000   -0.336762    0.266228   -0.731815   -0.352935    1.068576    0.086708
    4.940000   -0.326069    0.260140   -0.741107   -0.351519    1.067176    0.091379
    4.950000   -0.315430    0.253894   -0.750268   -0.349943    1.065698    0.096050
    4.960000   -0.304844    0.247496   -0.759296   -0.348215    1.064140    0.100719
    4.970000   -0.294314    0.240950   -0.768188   -0.346338    1.062503    0.105388
    4.980000   -0.283841    0.234263   -0.776943   -0.344318    1.060784    0.110055
    4.990000   -0.273425    0.227439   -0.785559   -0.342159    1.058984    0.114720
    5.000000   -0.263068    0.220483   -0.794034   -0.339867    1.057101    0.119384
    5.010000   -0.252769    0.213401   -0.802366   -0.337447    1.055135    0.124045
    5.020000   -0.242528    0.206199   -0.810556   -0.334903    1.053084    0.128704
    5.030000   -0.232346    0.198881   -0.818601   -0.332240    1.050947    0.133359
    5.040000   -0.222222    0.191452   -0.826502   -0.329463    1.048724    0.138012
    5.050000   -0.212155    0.183918   -0.834258   -0.326578    1.046414    0.142660
    5.060000   -0.202145    0.176284   -0.841869   -0.323588    1.044014    0.147304
    5.070000   -0.192189    0.168555   -0.849335   -0.320498    1.041524    0.151943
    5.080000   -0.182288    0.160737   -0.856655   -0.317313    1.038943    0.156576
    5.090000   -0.172439    0.152833   -0.863831   -0.314037    1.036270    0.161204
    5.100000   -0.162640    0.144850   -0.870863   -0.310674    1.033503    0.165824
    5.110000   -0.152890    0.136791   -0.877750   -0.307229    1.030641    0.170437
    5.120000   -0.143187    0.128663   -0.884495   -0.303705    1.027682    0.175042
    5.130000   -0.133529    0.120468   -0.891097   -0.300106    1.024626    0.179638
    5.140000   -0.123912    0.112213   -0.897558   -0.296437    1.021470    0.184223
    5.150000   -0.114335    0.103902   -0.903879   -0.292700    1.018214    0.188798
    5.160000   -0.104796    0.095539   -0.910061   -0.288899    1.014856    0.193361
    5.170000   -0.095291    0.087128   -0.916104   -0.285038    1.011395    0.197910
    5.180000   -0.085817    0.078675   -0.922011   -0.281121    1.007829    0.202446
    5.190000   -0.076373    0.070184   -0.927783   -0.277149    1.004156    0.206965
    5.200000   -0.066954    0.061658   -0.933420   -0.273127    1.000374    0.211469
    5.210000   -0.057558    0.053102   -0.938926   -0.269056    0.996484    0.215954
    5.220000   -0.048182    0.044521   -0.944300   -0.264941    0.992482    0.220419
    5.230000   -0.038823    0.035919   -0.949544   -0.260783    0.988367    0.224864
    5.240000   -0.029477    0.027300   -0.954661   -0.256585    0.984137    0.229286
    5.250000   -0.020141    0.018667   -0.959651   -0.252350    0.979792    0.233683
    5.260000   -0.010812    0.010025   -0.964517   -0.248080    0.975329    0.238054
    5.270000   -0.001487    0.001379   -0.969259   -0.243777    0.970746    0.242398
    5.280000    0.007837   -0.007268   -0.973880   -0.239443    0.966043    0.246711
    5.290000    0.017164   -0.015911   -0.978381   -0.235080    0.961217    0.250992
    5.300000    0.026498   -0.024547   -0.982764   -0.230691    0.956266    0.255238
    5.310000    0.035840   -0.033171   -0.987030   -0.226277    0.951190    0.259448
    5.320000    0.045195   -0.041779   -0.991181   -0.221839    0.945987    0.263619
    5.330000    0.054565   -0.050368   -0.995219   -0.217380    0.940654    0.267748
    5.340000    0.063954   -0.058932   -0.999145   -0.212901    0.935191    0.271833
    5.350000    0.073366   -0.067467   -1.002961   -0.208404    0.929596    0.275871
    5.360000    0.082802   -0.075970   -1.006669   -0.203889    0.923867    0.279859
    5.370000    0.092265   -0.084436   -1.010269   -0.199359    0.918003    0.283795
    5.380000    0.101760   -0.092861   -1.013764   -0.194813    0.912003    0.287674
    5.390000    0.111288   -0.101239   -1.017155   -0.190255    0.905866    0.291494
    5.400000    0.120853   -0.109568   -1.020443   -0.185684    0.899590    0.295252
    5.410000    0.130457   -0.117841   -1.023630   -0.181102    0.893174    0.298943
    5.420000    0.140101   -0.126056   -1.026718   -0.176509    0.886616    0.302565
    5.430000    0.149790   -0.134206   -1.029707   -0.171907    0.879917    0.306113
    5.440000    0.159525   -0.142287   -1.032600   -0.167297    0.873075    0.309584
    5.450000    0.169308   -0.150295   -1.035397   -0.162679    0.866090    0.312974
    5.460000    0.179140   -0.158225   -1.038101   -0.158053    0.858960    0.316278
    5.470000    0.189025   -0.166071   -1.040711   -0.153422    0.851686    0.319492
    5.480000    0.198963   -0.173829   -1.043230   -0.148784    0.844266    0.322613
    5.490000    0.208956   -0.181493   -1.045658   -0.144142    0.836702    0.325635
    5.500000    0.219005   -0.189060   -1.047997   -0.139495    0.828992    0.328555
    5.510000    0.229110   -0.196523   -1.050248   -0.134844    0.821137    0.331366
    5.520000    0.239274   -0.203877   -1.052412   -0.130189    0.813138    0.334066
    5.530000    0.249496   -0.211117   -1.054490   -0.125532    0.804994    0.336648
    5.540000    0.259776   -0.218238   -1.056483   -0.120871    0.796707    0.339109
    5.550000    0.270115   -0.225234   -1.058392   -0.116208    0.788277    0.341442
    5.560000    0.280512   -0.232101   -1.060219   -0.111543    0.779707    0.343644
    5.570000    0.290967   -0.238832   -1.061963   -0.106877    0.770996    0.345709
    5.580000    0.301479   -0.245424   -1.063627   -0.102209    0.762147    0.347632
    5.590000    0.312047   -0.251869   -1.065210   -0.097539    0.753162    0.349408
    5.600000    0.322670   -0.258164   -1.066713   -0.092869    0.744043    0.351033
    5.610000    0.333345   -0.264303   -1.068138   -0.088198    0.734793    0.352501
    5.620000    0.344072   -0.270281   -1.069485   -0.083526    0.725413    0.353807
    5.630000    0.354847   -0.276093   -1.070755   -0.078854    0.715908    0.354947
    5.640000    0.365668   -0.281734   -1.071948   -0.074181    0.706280    0.355915
    5.650000    0.376533   -0.287200   -1.073066   -0.069508    0.696533    0.356708
    5.660000    0.387437   -0.292486   -1.074107   -0.064835    0.686670    0.357321
    5.670000    0.398378   -0.297587   -1.075075   -0.060162    0.676696    0.357749
    5.680000    0.409352   -0.302499   -1.075967   -0.055489    0.666615    0.357988
    5.690000    0.420355   -0.307219   -1.076786   -0.050816    0.656431    0.358034
    5.700000    0.431382   -0.311742   -1.077532   -0.046143    0.646150    0.357885
    5.710000    0.442429   -0.316066   -1.078204   -0.041470    0.635776    0.357535
    5.720000    0.453490   -0.320186   -1.078804   -0.036797    0.625314    0.356983
    5.730000    0.464562   -0.324100   -1.079331   -0.032124    0.614770    0.356224
    5.740000    0.475638   -0.327805   -1.079787   -0.027451    0.604149    0.355257
    5.750000    0.486713   -0.331300   -1.080170   -0.022779    0.593457    0.354079
    5.760000    0.497782   -0.334582   -1.080482   -0.018107    0.582700    0.352688
    5.770000    0.508838   -0.337649   -1.080723   -0.013434    0.571884    0.351083
    5.780000    0.519877   -0.340500   -1.080892   -0.008762    0.561015    0.349263
    5.790000    0.530891   -0.343135   -1.080990   -0.004090    0.550099    0.347225
    5.800000    0.541875   -0.345553   -1.081017    0.000582    0.539142    0.344971
    5.810000    0.552822   -0.347753   -1.080972    0.005254    0.528150    0.342499
    5.820000    0.563727   -0.349736   -1.080856    0.009926    0.517129    0.339810
    5.830000    0.574584   -0.351503   -1.080670    0.014598    0.506086    0.336905
    5.840000    0.585386   -0.353055   -1.080411    0.019271    0.495025    0.333784
    5.850000    0.596127   -0.354392   -1.080082    0.023943    0.483955    0.330449
    5.860000    0.606801   -0.355517   -1.079680    0.028615    0.472879    0.326902
    5.870000    0.617404   -0.356432   -1.079207    0.033288    0.461803    0.323144
    5.880000    0.627928   -0.357139   -1.078661    0.037961    0.450733    0.319179
    5.890000    0.638368   -0.357641   -1.078043    0.042634    0.439675    0.315007
    5.900000    0.648720   -0.357941   -1.077353    0.047307    0.428633    0.310634
    5.910000    0.658977   -0.358041   -1.076589    0.051980    0.417612    0.306061
    5.920000    0.669136   -0.357946   -1.075752    0.056653    0.406616    0.301293
    5.930000    0.679191   -0.357659   -1.074841    0.061326    0.395650    0.296333
    5.940000    0.689137   -0.357185   -1.073855    0.065999    0.384717    0.291186
    5.950000    0.698972   -0.356527   -1.072794    0.070672    0.373822    0.285855
    5.960000    0.708690   -0.355690   -1.071658    0.075345    0.362968    0.280345
    5.970000    0.718287   -0.354679   -1.070446    0.080018    0.352158    0.274661
    5.980000    0.727762   -0.353497   -1.069157    0.084690    0.341395    0.268807
    5.990000    0.737109   -0.352150   -1.067791    0.089361    0.330681    0.262789
    6.000000    0.746328   -0.350643   -1.066346    0.094032    0.320018    0.256610
    6.010000    0.755413   -0.348980   -1.064823    0.098703    0.309409    0.250277
    6.020000    0.764365   -0.347167   -1.063220    0.103372    0.298855    0.243795
    6.030000    0.773179   -0.345208   -1.061536    0.108039    0.288357    0.237168
    6.040000    0.781855   -0.343108   -1.059771    0.112706    0.277917    0.230403
    6.050000    0.790391   -0.340873   -1.057925    0.117370    0.267534    0.223503
    6.060000    0.798785   -0.338507   -1.055994    0.122032    0.257210    0.216475
    6.070000    0.807036   -0.336016   -1.053980    0.126692    0.246944    0.209324
    6.080000    0.815144   -0.333404   -1.051881    0.131349    0.236737    0.202055
    6.090000    0.823108   -0.330676   -1.049695    0.136003    0.226588    0.194673
    6.100000    0.830926   -0.327837   -1.047422    0.140653    0.216496    0.187184
    6.110000    0.838600   -0.324892   -1.045061    0.145299    0.206461    0.179593
    6.120000    0.846128   -0.321845   -1.042611    0.149940    0.196482    0.171905
    6.130000    0.853511   -0.318700   -1.040069    0.154576    0.186558    0.164124
    6.140000    0.860750   -0.315463   -1.037436    0.159206    0.176686    0.156257
    6.150000    0.867843   -0.312137   -1.034710    0.163830    0.166866    0.148307
    6.160000    0.874793   -0.308727   -1.031889    0.168446    0.157095    0.140281
    6.170000    0.881599   -0.305236   -1.028972    0.173054    0.147372    0.132182
    6.180000    0.888263   -0.301669   -1.025958    0.177654    0.137695    0.124015
    6.190000    0.894785   -0.298030   -1.022846    0.182244    0.128060    0.115786
    6.200000    0.901166   -0.294322   -1.019633    0.186824    0.118467    0.107498
    6.210000    0.907408   -0.290548   -1.016319    0.191392    0.108912    0.099157
    6.220000    0.913511   -0.286713   -1.012903    0.195947    0.099392    0.090766
    6.230000    0.919477   -0.282820   -1.009382    0.200489    0.089905    0.082331
    6.240000    0.925307   -0.278871   -1.005755    0.205015    0.080448    0.073855
    6.250000    0.931002   -0.274870   -1.002021    0.209526    0.071019    0.065344
    6.260000    0.936564   -0.270820   -0.998178    0.214019    0.061614    0.056801
    6.270000    0.941995   -0.266724   -0.994224    0.218493    0.052229    0.048230
    6.280000    0.947295   -0.262584   -0.990158    0.222947    0.042863    0.039637
    6.290000    0.952467   -0.258403   -0.985978    0.227379    0.033512    0.031024
    6.300000    0.957511   -0.254184   -0.981683    0.231787    0.024172    0.022397
    6.310000    0.962431   -0.249928   -0.977271    0.236170    0.014840    0.013759
    6.320000    0.967226   -0.245639   -0.972740    0.240525    0.005514    0.005114
    6.330000    0.971899   -0.241318   -0.968089    0.244852   -0.003810   -0.003533
